EDICIÓN; 24;
EDITAR; 29,44,22,16,11,24,59,42;
EFECTOS; 52;
EFECTUADOS; 57;
EFECTUAR; 22;
EL; 13,59,51,46,43,35,8,54,49,47,44,39,33,31,30,29,24,6,5,3,60,57,56,55,50,48,40,38,36,28,23,22,21,19,17,16,9,7,58,52,42,37,34,32,27,26,25,20,18,14,12,4;
ELECTRÓNICO; 49;
ELIMINAR; 17,45,23,35,42;
EN; 59,33,40,35,29,13,60,44,43,39,22,8,54,46,31,30,28,24,16,58,57,55,53,51,50,45,37,36,32,21,20,17,15,11,9,3,56,49,48,42,41,38,34,27,26,25,23,19,18,14,12,10,5;
ENCUENTRAN; 19;
ENLACE; 60;
ENTE; 52;
ENTECONTROL; 52,5;
ENTIDAD; 8,12,7,53,27,25,11,10,9;
ENTIDADES; 53,9,7,52,18,8,3;
ENTRADA; 60;
ENTRE; 25;
ENVIADA; 49;
ENVIADAS; 41,48,38;
ENVIADO; 41;
ENVIAR; 39,60,48,47,33;
ENVIÓ; 60;
ENVÍA; 49,33;
ERA; 53,25,11,12,8,49,47,46,42,39,38,31,26,10,9,7;
ES; 47,35,6,3;
ESA; 12;
ESPACIO; 47;
ESTA; 60,17,9;
ESTADO; 41,27,13;
ESTE; 52,25,6,1;
ESTOS; 5;
ESTÁ; 35;
EXCEL; 46;
EXITO; 16,15,11;
